[gd_scene load_steps=13 format=3 uid="uid://c35c0ys2vbwqb"]

[ext_resource type="Texture2D" uid="uid://c8arnlq67qi7" path="res://assets/textures/grids/Dark/texture_05.png" id="1_jyhfs"]
[ext_resource type="Texture2D" uid="uid://b58xv1joypxo5" path="res://assets/textures/grids/Orange/texture_09.png" id="2_tbgi4"]
[ext_resource type="Texture2D" uid="uid://cm5m7nr7dugjd" path="res://assets/textures/grids/Purple/texture_09.png" id="3_tefeu"]
[ext_resource type="Texture2D" uid="uid://dyshw81wmob45" path="res://assets/textures/grids/Green/texture_10.png" id="4_o6xl0"]
[ext_resource type="PackedScene" uid="uid://cmmc4rhixe01d" path="res://scenes/player.tscn" id="5_tbgi4"]

[sub_resource type="ProceduralSkyMaterial" id="ProceduralSkyMaterial_aqk2v"]
sky_horizon_color = Color(0.66224277, 0.6717428, 0.6867428, 1)
ground_horizon_color = Color(0.66224277, 0.6717428, 0.6867428, 1)

[sub_resource type="Sky" id="Sky_036b0"]
sky_material = SubResource("ProceduralSkyMaterial_aqk2v")

[sub_resource type="Environment" id="Environment_dwbse"]
background_mode = 2
sky = SubResource("Sky_036b0")
tonemap_mode = 2
sdfgi_enabled = true
fog_enabled = true
fog_light_color = Color(1, 1, 1, 1)
fog_density = 0.001

[sub_resource type="StandardMaterial3D" id="StandardMaterial3D_fj7yv"]
albedo_texture = ExtResource("1_jyhfs")
uv1_triplanar = true

[sub_resource type="StandardMaterial3D" id="StandardMaterial3D_036b0"]
albedo_texture = ExtResource("2_tbgi4")
uv1_triplanar = true

[sub_resource type="StandardMaterial3D" id="StandardMaterial3D_dwbse"]
albedo_texture = ExtResource("3_tefeu")
uv1_triplanar = true

[sub_resource type="StandardMaterial3D" id="StandardMaterial3D_pkg7o"]
albedo_texture = ExtResource("4_o6xl0")
uv1_triplanar = true

[node name="world" type="Node"]

[node name="DirectionalLight3D" type="DirectionalLight3D" parent="."]
transform = Transform3D(-0.8660254, -0.43301278, 0.25, 0, 0.49999997, 0.86602545, -0.50000006, 0.75, -0.43301266, 0, 0, 0)
shadow_enabled = true

[node name="WorldEnvironment" type="WorldEnvironment" parent="."]
environment = SubResource("Environment_dwbse")

[node name="map" type="Node3D" parent="."]

[node name="floor" type="CSGBox3D" parent="map"]
transform = Transform3D(1, 0, 0, 0, 1, 0, 0, 0, 1, 0, -0.5, 0)
material_override = SubResource("StandardMaterial3D_fj7yv")
use_collision = true
size = Vector3(1000, 1, 1000)

[node name="box" type="CSGBox3D" parent="map"]
transform = Transform3D(0.8660254, 0, 0.5, 0, 1, 0, -0.5, 0, 0.8660254, -4.188801, 0.5, 6)
material_override = SubResource("StandardMaterial3D_036b0")
use_collision = true

[node name="box2" type="CSGBox3D" parent="map"]
transform = Transform3D(0.8660254, 0, 0.5, 0, 1, 0, -0.5, 0, 0.8660254, -7.236635, 1, -6.5)
material_override = SubResource("StandardMaterial3D_dwbse")
use_collision = true
size = Vector3(2, 2, 2)

[node name="box3" type="CSGBox3D" parent="map"]
transform = Transform3D(0.6205046, 0, 0.7842027, 0, 1, 0, -0.7842027, 0, 0.6205046, 7.390716, 1.5, -4.254504)
material_override = SubResource("StandardMaterial3D_pkg7o")
use_collision = true
size = Vector3(3, 3, 3)

[node name="Player" parent="." instance=ExtResource("5_tbgi4")]
